ska_bda_2l_p10_natural_salvini_dummy32_avg_0_I_0.fits  9.8660e-02   -6.9104959257e-03       0      0    9.9410057068e-01       0      0  1.0146e+01 1.5073130798e+02 1.2489344788e+02 
ska_bda_2l_p10_natural_salvini_dummy32_avg_1_I_0.fits  8.5782e-02   -1.5847039176e-03       0      0    9.9616229534e-01       0      0  1.1631e+01 2.0487496948e+02 1.3279565430e+02 
ska_bda_2l_p10_natural_salvini_dummy32_avg_2_I_0.fits  8.0275e-02   -3.8289180957e-03       0      0    9.9778187275e-01       0      0  1.2477e+01 2.0780053711e+02 1.1834078217e+02 
ska_bda_2l_p10_natural_salvini_dummy32_avg_3_I_0.fits  7.8157e-02   -3.0412874185e-03       0      0    9.9851489067e-01       0      0  1.2815e+01 2.0848266602e+02 1.1434263611e+02 
ska_bda_2l_p10_natural_salvini_dummy32_avg_4_I_0.fits  7.7982e-02   -3.2324781641e-03       0      0    9.9826467037e-01       0      0  1.2843e+01 2.0834642029e+02 1.1617597961e+02 
ska_bda_2l_p10_natural_salvini_dummy32_avg_5_I_0.fits  7.8989e-02   2.9900711961e-03       0      0    9.9748080969e-01       0      0  1.2590e+01 2.1054003906e+02 1.2188155365e+02 
ska_bda_2l_p10_natural_salvini_dummy32_avg_6_I_0.fits  8.6524e-02   -5.9254793450e-03       0      0    9.9499851465e-01       0      0  1.1568e+01 1.7774211121e+02 1.2730220032e+02 
ska_bda_2l_p10_uniform_salvini_dummy32_avg_0_I_0.fits  1.0711e-02   -8.7270610034e-02       0      0    9.8987680674e-01       0      0  1.0056e+02 1.7144609451e+01 4.6467089653e+00 
ska_bda_2l_p10_uniform_salvini_dummy32_avg_1_I_0.fits  1.0013e-02   -9.7258687019e-02       0      0    9.9273568392e-01       0      0  1.0885e+02 1.7549730301e+01 4.1349587440e+00 
ska_bda_2l_p10_uniform_salvini_dummy32_avg_2_I_0.fits  1.0343e-02   -9.4089008868e-02       0      0    9.9577301741e-01       0      0  1.0537e+02 1.9340890884e+01 4.0491232872e+00 
ska_bda_2l_p10_uniform_salvini_dummy32_avg_3_I_0.fits  1.0735e-02   -9.3514822423e-02       0      0    9.9715459347e-01       0      0  1.0160e+02 1.9279943466e+01 3.9739558697e+00 
ska_bda_2l_p10_uniform_salvini_dummy32_avg_4_I_0.fits  1.0631e-02   -8.9598685503e-02       0      0    9.9661338329e-01       0      0  1.0218e+02 1.7629993439e+01 3.9094207287e+00 
ska_bda_2l_p10_uniform_salvini_dummy32_avg_5_I_0.fits  1.0360e-02   -9.4526574016e-02       0      0    9.9507427216e-01       0      0  1.0518e+02 1.8474781036e+01 3.8769512177e+00 
ska_bda_2l_p10_uniform_salvini_dummy32_avg_6_I_0.fits  1.0291e-02   -9.5394931734e-02       0      0    9.9081987143e-01       0      0  1.0555e+02 2.0000160217e+01 4.2490968704e+00 
ska_bda_2l_10_natural_salvini_dummy32_avg_0_I_0.fits  8.7526e-02   -3.8220337592e-03       0      0    9.9447298050e-01       0      0  1.1406e+01 1.7638746643e+02 1.3508801270e+02 
ska_bda_2l_10_natural_salvini_dummy32_avg_1_I_0.fits  7.8949e-02   -2.3196076509e-03       0      0    9.9616754055e-01       0      0  1.2647e+01 1.8680487061e+02 1.2036531830e+02 
ska_bda_2l_10_natural_salvini_dummy32_avg_2_I_0.fits  7.5204e-02   -2.3350664414e-03       0      0    9.9778169394e-01       0      0  1.3299e+01 1.7634417725e+02 1.0728294373e+02 
ska_bda_2l_10_natural_salvini_dummy32_avg_3_I_0.fits  7.3844e-02   -3.5340285394e-03       0      0    9.9851489067e-01       0      0  1.3570e+01 1.7582229614e+02 1.0342215729e+02 
ska_bda_2l_10_natural_salvini_dummy32_avg_4_I_0.fits  7.4207e-02   -2.9302819166e-03       0      0    9.9826455116e-01       0      0  1.3492e+01 1.7446003723e+02 1.0480076599e+02 
ska_bda_2l_10_natural_salvini_dummy32_avg_5_I_0.fits  7.5682e-02   -3.2735620625e-03       0      0    9.9748092890e-01       0      0  1.3223e+01 1.8044082642e+02 1.0949626160e+02 
ska_bda_2l_10_natural_salvini_dummy32_avg_6_I_0.fits  8.2593e-02   3.2321200706e-03       0      0    9.9524617195e-01       0      0  1.2011e+01 1.8543275452e+02 1.3291746521e+02 
ska_bda_2l_10_uniform_salvini_dummy32_avg_0_I_0.fits  9.8846e-03   -9.4782494009e-02       0      0    9.8968756199e-01       0      0  1.0971e+02 1.8970579147e+01 4.4014902115e+00 
ska_bda_2l_10_uniform_salvini_dummy32_avg_1_I_0.fits  9.6839e-03   -8.7648212910e-02       0      0    9.9268382788e-01       0      0  1.1156e+02 1.6362195969e+01 3.8227052689e+00 
ska_bda_2l_10_uniform_salvini_dummy32_avg_2_I_0.fits  1.0077e-02   -9.4369180501e-02       0      0    9.9572879076e-01       0      0  1.0817e+02 1.5583809853e+01 3.7465076447e+00 
ska_bda_2l_10_uniform_salvini_dummy32_avg_3_I_0.fits  1.0360e-02   -9.6816949546e-02       0      0    9.9715679884e-01       0      0  1.0560e+02 1.7609083176e+01 3.7573580742e+00 
ska_bda_2l_10_uniform_salvini_dummy32_avg_4_I_0.fits  1.0252e-02   -8.9706197381e-02       0      0    9.9660575390e-01       0      0  1.0596e+02 1.8188468933e+01 3.7365429401e+00 
ska_bda_2l_10_uniform_salvini_dummy32_avg_5_I_0.fits  1.0001e-02   -8.8086418808e-02       0      0    9.9506402016e-01       0      0  1.0831e+02 1.9160196304e+01 3.6592371464e+00 
ska_bda_2l_10_uniform_salvini_dummy32_avg_6_I_0.fits  9.6531e-03   -8.6290732026e-02       0      0    9.9075484276e-01       0      0  1.1158e+02 1.6290113449e+01 3.9375712872e+00 
ska_bda_2l_30_natural_salvini_dummy32_avg_0_I_0.fits  8.3312e-02   2.4514060933e-03       0      0    9.9463063478e-01       0      0  1.1909e+01 1.7754055786e+02 1.3588587952e+02 
ska_bda_2l_30_natural_salvini_dummy32_avg_1_I_0.fits  7.6199e-02   4.5560696162e-04       0      0    9.9617683887e-01       0      0  1.3067e+01 1.7307887268e+02 1.1442173004e+02 
ska_bda_2l_30_natural_salvini_dummy32_avg_2_I_0.fits  7.3507e-02   -2.1493416280e-03       0      0    9.9778860807e-01       0      0  1.3603e+01 1.7450050354e+02 1.0360662842e+02 
ska_bda_2l_30_natural_salvini_dummy32_avg_3_I_0.fits  7.2462e-02   -3.3753428143e-03       0      0    9.9851524830e-01       0      0  1.3826e+01 1.6615242004e+02 1.0012778473e+02 
ska_bda_2l_30_natural_salvini_dummy32_avg_4_I_0.fits  7.3090e-02   -3.3676982857e-03       0      0    9.9826037884e-01       0      0  1.3704e+01 1.6631698608e+02 1.0106768036e+02 
ska_bda_2l_30_natural_salvini_dummy32_avg_5_I_0.fits  7.4458e-02   -3.4080955666e-03       0      0    9.9747341871e-01       0      0  1.3442e+01 1.7420021057e+02 1.0480921936e+02 
ska_bda_2l_30_natural_salvini_dummy32_avg_6_I_0.fits  8.0787e-02   -8.4255612455e-04       0      0    9.9523842335e-01       0      0  1.2330e+01 1.7394996643e+02 1.2292104340e+02 
ska_bda_2l_30_uniform_salvini_dummy32_avg_0_I_0.fits  9.4073e-03   -8.6761295795e-02       0      0    9.9004364014e-01       0      0  1.1446e+02 1.6629354477e+01 3.9798851013e+00 
ska_bda_2l_30_uniform_salvini_dummy32_avg_1_I_0.fits  9.3118e-03   -8.5202209651e-02       0      0    9.9293291569e-01       0      0  1.1578e+02 1.4449240685e+01 3.4135379791e+00 
ska_bda_2l_30_uniform_salvini_dummy32_avg_2_I_0.fits  9.4923e-03   -9.4173386693e-02       0      0    9.9596989155e-01       0      0  1.1485e+02 1.5701492310e+01 3.3646838665e+00 
ska_bda_2l_30_uniform_salvini_dummy32_avg_3_I_0.fits  9.6387e-03   -9.1089978814e-02       0      0    9.9736922979e-01       0      0  1.1293e+02 1.4965744019e+01 3.3358635902e+00 
ska_bda_2l_30_uniform_salvini_dummy32_avg_4_I_0.fits  9.5701e-03   -9.1825567186e-02       0      0    9.9681407213e-01       0      0  1.1375e+02 1.5136763573e+01 3.3106498718e+00 
ska_bda_2l_30_uniform_salvini_dummy32_avg_5_I_0.fits  9.4714e-03   -9.1072268784e-02       0      0    9.9528783560e-01       0      0  1.1470e+02 1.5193438530e+01 3.2756435871e+00 
ska_bda_2l_30_uniform_salvini_dummy32_avg_6_I_0.fits  9.4151e-03   -8.2628645003e-02       0      0    9.9106061459e-01       0      0  1.1404e+02 1.4861346245e+01 3.5660166740e+00 
ska_bda_2l_50_natural_salvini_dummy32_avg_0_I_0.fits  8.1002e-02   6.0831434093e-03       0      0    9.9464279413e-01       0      0  1.2204e+01 1.6808157349e+02 1.3032371521e+02 
ska_bda_2l_50_natural_salvini_dummy32_avg_1_I_0.fits  7.6167e-02   1.7899599625e-03       0      0    9.9619454145e-01       0      0  1.3056e+01 1.6702952576e+02 1.1410954285e+02 
ska_bda_2l_50_natural_salvini_dummy32_avg_2_I_0.fits  7.4089e-02   -1.6547315754e-03       0      0    9.9780166149e-01       0      0  1.3490e+01 1.7675009155e+02 1.0584148407e+02 
ska_bda_2l_50_natural_salvini_dummy32_avg_3_I_0.fits  7.3497e-02   -2.3964389693e-03       0      0    9.9851578474e-01       0      0  1.3618e+01 1.7396963501e+02 1.0294605255e+02 
ska_bda_2l_50_natural_salvini_dummy32_avg_4_I_0.fits  7.4172e-02   -3.5646341275e-03       0      0    9.9825257063e-01       0      0  1.3507e+01 1.8052565002e+02 1.0339533997e+02 
ska_bda_2l_50_natural_salvini_dummy32_avg_5_I_0.fits  7.5191e-02   -3.8395193405e-03       0      0    9.9745905399e-01       0      0  1.3317e+01 1.7648849487e+02 1.0589755249e+02 
ska_bda_2l_50_natural_salvini_dummy32_avg_6_I_0.fits  8.0627e-02   -3.3143344335e-03       0      0    9.9522370100e-01       0      0  1.2385e+01 1.6144491577e+02 1.1929358673e+02 
ska_bda_2l_50_uniform_salvini_dummy32_avg_0_I_0.fits  9.1049e-03   -8.6106300354e-02       0      0    9.9027943611e-01       0      0  1.1822e+02 1.4140035629e+01 3.6383187771e+00 
ska_bda_2l_50_uniform_salvini_dummy32_avg_1_I_0.fits  8.9938e-03   -8.6359813809e-02       0      0    9.9312788248e-01       0      0  1.2003e+02 1.2835077286e+01 3.2302367687e+00 
ska_bda_2l_50_uniform_salvini_dummy32_avg_2_I_0.fits  9.0105e-03   -8.6657114327e-02       0      0    9.9612414837e-01       0      0  1.2017e+02 1.2522281647e+01 3.1393659115e+00 
ska_bda_2l_50_uniform_salvini_dummy32_avg_3_I_0.fits  8.9694e-03   -8.8047884405e-02       0      0    9.9747997522e-01       0      0  1.2103e+02 1.3814104080e+01 3.1963183880e+00 
ska_bda_2l_50_uniform_salvini_dummy32_avg_4_I_0.fits  9.0140e-03   -9.2242546380e-02       0      0    9.9692839384e-01       0      0  1.2083e+02 1.3262360573e+01 3.1546382904e+00 
ska_bda_2l_50_uniform_salvini_dummy32_avg_5_I_0.fits  9.0595e-03   -8.6380392313e-02       0      0    9.9538815022e-01       0      0  1.1941e+02 1.2120592117e+01 3.0953576565e+00 
ska_bda_2l_50_uniform_salvini_dummy32_avg_6_I_0.fits  9.1948e-03   -8.3781339228e-02       0      0    9.9121165276e-01       0      0  1.1691e+02 1.3536173820e+01 3.3460502625e+00 
ska_bda_2l_70_natural_salvini_dummy32_avg_0_I_0.fits  8.2580e-02   -9.1381103266e-04       0      0    9.9465900660e-01       0      0  1.2056e+01 1.6238862610e+02 1.2993904114e+02 
ska_bda_2l_70_natural_salvini_dummy32_avg_1_I_0.fits  7.8691e-02   -2.0532564668e-04       0      0    9.9621808529e-01       0      0  1.2663e+01 1.8032878113e+02 1.1953217316e+02 
ska_bda_2l_70_natural_salvini_dummy32_avg_2_I_0.fits  7.7396e-02   3.3432897180e-04       0      0    9.9781882763e-01       0      0  1.2888e+01 1.9821948242e+02 1.1485845184e+02 
ska_bda_2l_70_natural_salvini_dummy32_avg_3_I_0.fits  7.7376e-02   -2.0665943157e-03       0      0    9.9851632118e-01       0      0  1.2931e+01 2.0412155151e+02 1.1314961243e+02 
ska_bda_2l_70_natural_salvini_dummy32_avg_4_I_0.fits  7.7696e-02   -3.5875216126e-03       0      0    9.9824166298e-01       0      0  1.2894e+01 2.0666349792e+02 1.1269952393e+02 
ska_bda_2l_70_natural_salvini_dummy32_avg_5_I_0.fits  7.8155e-02   -4.0038460866e-03       0      0    9.9743938446e-01       0      0  1.2814e+01 1.8339466858e+02 1.1317188263e+02 
ska_bda_2l_70_natural_salvini_dummy32_avg_6_I_0.fits  8.1718e-02   -3.5435003228e-03       0      0    9.9520385265e-01       0      0  1.2222e+01 1.6479891968e+02 1.2111728668e+02 
ska_bda_2l_70_uniform_salvini_dummy32_avg_0_I_0.fits  9.0250e-03   -8.5924528539e-02       0      0    9.9045097828e-01       0      0  1.1927e+02 1.3388322830e+01 3.4820213318e+00 
ska_bda_2l_70_uniform_salvini_dummy32_avg_1_I_0.fits  8.9358e-03   -8.5010766983e-02       0      0    9.9326062202e-01       0      0  1.2067e+02 1.2302989960e+01 3.2068173885e+00 
ska_bda_2l_70_uniform_salvini_dummy32_avg_2_I_0.fits  8.8565e-03   -8.2497820258e-02       0      0    9.9623936415e-01       0      0  1.2180e+02 1.3667600632e+01 3.2210969925e+00 
ska_bda_2l_70_uniform_salvini_dummy32_avg_3_I_0.fits  8.8245e-03   -8.8480807841e-02       0      0    9.9756032228e-01       0      0  1.2307e+02 1.4532662392e+01 3.2669258118e+00 
ska_bda_2l_70_uniform_salvini_dummy32_avg_4_I_0.fits  8.8440e-03   -8.6797624826e-02       0      0    9.9698370695e-01       0      0  1.2254e+02 1.5129462242e+01 3.2405955791e+00 
ska_bda_2l_70_uniform_salvini_dummy32_avg_5_I_0.fits  8.9573e-03   -8.6176596582e-02       0      0    9.9543011189e-01       0      0  1.2075e+02 1.4303655624e+01 3.1648058891e+00 
ska_bda_2l_70_uniform_salvini_dummy32_avg_6_I_0.fits  9.0473e-03   -8.0812580884e-02       0      0    9.9131339788e-01       0      0  1.1850e+02 1.1908290863e+01 3.2351009846e+00 
 
ska_bda_2m_p10_natural_salvini_dummy32_avg_0_I_0.fits  9.7931e-02   -8.1583010033e-03       0      0    9.9991458654e-01       0      0  1.0294e+01 1.5351547241e+02 1.2331687164e+02 
ska_bda_2m_p10_natural_salvini_dummy32_avg_1_I_0.fits  8.6191e-02   -2.8776398394e-03       0      0    9.9986374378e-01       0      0  1.1634e+01 2.0802999878e+02 1.3259269714e+02 
ska_bda_2m_p10_natural_salvini_dummy32_avg_2_I_0.fits  8.0828e-02   -3.6123399623e-03       0      0    9.9980467558e-01       0      0  1.2414e+01 2.1394157410e+02 1.1921335602e+02 
ska_bda_2m_p10_natural_salvini_dummy32_avg_3_I_0.fits  7.8701e-02   -3.2972209156e-03       0      0    9.9977964163e-01       0      0  1.2745e+01 2.1325750732e+02 1.1604331970e+02 
ska_bda_2m_p10_natural_salvini_dummy32_avg_4_I_0.fits  7.8745e-02   -1.1532774661e-03       0      0    9.9979043007e-01       0      0  1.2711e+01 2.1348707581e+02 1.1844753265e+02 
ska_bda_2m_p10_natural_salvini_dummy32_avg_5_I_0.fits  7.9927e-02   3.3643268980e-03       0      0    9.9982053041e-01       0      0  1.2467e+01 2.2019374084e+02 1.2487296295e+02 
ska_bda_2m_p10_natural_salvini_dummy32_avg_6_I_0.fits  9.0142e-02   -6.3050608151e-03       0      0    9.9989861250e-01       0      0  1.1162e+01 1.7756828308e+02 1.3215118408e+02 
ska_bda_2m_p10_uniform_salvini_dummy32_avg_0_I_0.fits  1.0769e-02   -8.7657354772e-02       0      0    9.9987620115e-01       0      0  1.0099e+02 1.9973232269e+01 4.6890969276e+00 
ska_bda_2m_p10_uniform_salvini_dummy32_avg_1_I_0.fits  1.0125e-02   -9.8196357489e-02       0      0    9.9977165461e-01       0      0  1.0844e+02 1.6514703751e+01 4.1676664352e+00 
ska_bda_2m_p10_uniform_salvini_dummy32_avg_2_I_0.fits  1.0407e-02   -9.2518486083e-02       0      0    9.9967664480e-01       0      0  1.0495e+02 1.8895551682e+01 4.0789132118e+00 
ska_bda_2m_p10_uniform_salvini_dummy32_avg_3_I_0.fits  1.0721e-02   -9.2154622078e-02       0      0    9.9964791536e-01       0      0  1.0184e+02 1.9295595169e+01 4.0611929893e+00 
ska_bda_2m_p10_uniform_salvini_dummy32_avg_4_I_0.fits  1.0584e-02   -9.2063322663e-02       0      0    9.9966102839e-01       0      0  1.0315e+02 1.7232563019e+01 3.9945852757e+00 
ska_bda_2m_p10_uniform_salvini_dummy32_avg_5_I_0.fits  1.0321e-02   -9.8970934749e-02       0      0    9.9970269203e-01       0      0  1.0645e+02 1.8165899277e+01 4.0328545570e+00 
ska_bda_2m_p10_uniform_salvini_dummy32_avg_6_I_0.fits  1.0497e-02   -9.5715329051e-02       0      0    9.9984556437e-01       0      0  1.0437e+02 1.8893978119e+01 4.4127140045e+00 
ska_bda_2m_10_natural_salvini_dummy32_avg_0_I_0.fits  8.7004e-02   -3.9965761825e-03       0      0    9.9994844198e-01       0      0  1.1539e+01 1.8076980591e+02 1.3331509399e+02 
ska_bda_2m_10_natural_salvini_dummy32_avg_1_I_0.fits  7.8966e-02   -3.9660041220e-03       0      0    9.9991196394e-01       0      0  1.2713e+01 1.8434466553e+02 1.1960897064e+02 
ska_bda_2m_10_natural_salvini_dummy32_avg_2_I_0.fits  7.5289e-02   -2.7209052350e-03       0      0    9.9987363815e-01       0      0  1.3317e+01 1.7805673218e+02 1.0734922028e+02 
ska_bda_2m_10_natural_salvini_dummy32_avg_3_I_0.fits  7.4125e-02   -3.4292300697e-03       0      0    9.9985730648e-01       0      0  1.3535e+01 1.7777783203e+02 1.0413658142e+02 
ska_bda_2m_10_natural_salvini_dummy32_avg_4_I_0.fits  7.4585e-02   -3.0823817942e-03       0      0    9.9986410141e-01       0      0  1.3447e+01 1.7702377319e+02 1.0597720337e+02 
ska_bda_2m_10_natural_salvini_dummy32_avg_5_I_0.fits  7.6193e-02   -3.0056070536e-03       0      0    9.9988365173e-01       0      0  1.3162e+01 1.7656018066e+02 1.1123950958e+02 
ska_bda_2m_10_natural_salvini_dummy32_avg_6_I_0.fits  8.4081e-02   3.1611835584e-03       0      0    9.9993771315e-01       0      0  1.1855e+01 1.8376939392e+02 1.3681201172e+02 
ska_bda_2m_10_uniform_salvini_dummy32_avg_0_I_0.fits  9.9784e-03   -9.6017226577e-02       0      0    9.9991935492e-01       0      0  1.0983e+02 1.7160533905e+01 4.3364963531e+00 
ska_bda_2m_10_uniform_salvini_dummy32_avg_1_I_0.fits  9.7983e-03   -8.9242592454e-02       0      0    9.9985015392e-01       0      0  1.1115e+02 1.6599922180e+01 3.8429493904e+00 
ska_bda_2m_10_uniform_salvini_dummy32_avg_2_I_0.fits  1.0213e-02   -9.1064445674e-02       0      0    9.9978959560e-01       0      0  1.0681e+02 1.6670320511e+01 3.7734692097e+00 
ska_bda_2m_10_uniform_salvini_dummy32_avg_3_I_0.fits  1.0470e-02   -9.4853691757e-02       0      0    9.9977040291e-01       0      0  1.0455e+02 1.7749320984e+01 3.8081283569e+00 
ska_bda_2m_10_uniform_salvini_dummy32_avg_4_I_0.fits  1.0320e-02   -8.8813818991e-02       0      0    9.9977958202e-01       0      0  1.0548e+02 1.8065694809e+01 3.7846183777e+00 
ska_bda_2m_10_uniform_salvini_dummy32_avg_5_I_0.fits  1.0007e-02   -9.2278875411e-02       0      0    9.9980700016e-01       0      0  1.0913e+02 1.9096536636e+01 3.7551827431e+00 
ska_bda_2m_10_uniform_salvini_dummy32_avg_6_I_0.fits  9.8256e-03   -8.8045246899e-02       0      0    9.9989902973e-01       0      0  1.1073e+02 1.8791286469e+01 4.1560163498e+00 
ska_bda_2m_30_natural_salvini_dummy32_avg_0_I_0.fits  8.2558e-02   6.3749388792e-03       0      0    9.9950659275e-01       0      0  1.2030e+01 1.7577403259e+02 1.3387532043e+02 
ska_bda_2m_30_natural_salvini_dummy32_avg_1_I_0.fits  7.5929e-02   3.4414362744e-04       0      0    9.9913769960e-01       0      0  1.3154e+01 1.7406796265e+02 1.1321084595e+02 
ska_bda_2m_30_natural_salvini_dummy32_avg_2_I_0.fits  7.3383e-02   -2.1920017898e-03       0      0    9.9876391888e-01       0      0  1.3640e+01 1.7457695007e+02 1.0306732178e+02 
ska_bda_2m_30_natural_salvini_dummy32_avg_3_I_0.fits  7.2484e-02   -3.5850401036e-03       0      0    9.9860507250e-01       0      0  1.3826e+01 1.6619836426e+02 1.0017078400e+02 
ska_bda_2m_30_natural_salvini_dummy32_avg_4_I_0.fits  7.3232e-02   -3.4283725545e-03       0      0    9.9867254496e-01       0      0  1.3684e+01 1.6512580872e+02 1.0154213715e+02 
ska_bda_2m_30_natural_salvini_dummy32_avg_5_I_0.fits  7.4777e-02   -2.9157435056e-03       0      0    9.9886268377e-01       0      0  1.3397e+01 1.7555773926e+02 1.0583623505e+02 
ska_bda_2m_30_natural_salvini_dummy32_avg_6_I_0.fits  8.1739e-02   4.4109980809e-04       0      0    9.9938809872e-01       0      0  1.2221e+01 1.7506925964e+02 1.2587876129e+02 
ska_bda_2m_30_uniform_salvini_dummy32_avg_0_I_0.fits  9.4933e-03   -8.7823227048e-02       0      0    9.9917268753e-01       0      0  1.1450e+02 1.6089435577e+01 3.9449129105e+00 
ska_bda_2m_30_uniform_salvini_dummy32_avg_1_I_0.fits  9.3926e-03   -8.6288750172e-02       0      0    9.9849623442e-01       0      0  1.1549e+02 1.4519883156e+01 3.3909130096e+00 
ska_bda_2m_30_uniform_salvini_dummy32_avg_2_I_0.fits  9.5736e-03   -9.2502772808e-02       0      0    9.9785411358e-01       0      0  1.1389e+02 1.5365302086e+01 3.3520882130e+00 
ska_bda_2m_30_uniform_salvini_dummy32_avg_3_I_0.fits  9.7176e-03   -9.1394737363e-02       0      0    9.9762392044e-01       0      0  1.1207e+02 1.5176424026e+01 3.3398025036e+00 
ska_bda_2m_30_uniform_salvini_dummy32_avg_4_I_0.fits  9.6186e-03   -8.8153608143e-02       0      0    9.9773448706e-01       0      0  1.1289e+02 1.5130389214e+01 3.3275628090e+00 
ska_bda_2m_30_uniform_salvini_dummy32_avg_5_I_0.fits  9.5168e-03   -9.1510079801e-02       0      0    9.9804139137e-01       0      0  1.1449e+02 1.5736498833e+01 3.3258059025e+00 
ska_bda_2m_30_uniform_salvini_dummy32_avg_6_I_0.fits  9.4988e-03   -8.4707535803e-02       0      0    9.9897205830e-01       0      0  1.1409e+02 1.4284892082e+01 3.6805460453e+00 
ska_bda_2m_50_natural_salvini_dummy32_avg_0_I_0.fits  8.0261e-02   5.8851214126e-03       0      0    9.9880051613e-01       0      0  1.2371e+01 1.6791181946e+02 1.2783087921e+02 
ska_bda_2m_50_natural_salvini_dummy32_avg_1_I_0.fits  7.5715e-02   1.8010516651e-03       0      0    9.9790555239e-01       0      0  1.3156e+01 1.6758050537e+02 1.1239762115e+02 
ska_bda_2m_50_natural_salvini_dummy32_avg_2_I_0.fits  7.3781e-02   -1.9002107438e-03       0      0    9.9699950218e-01       0      0  1.3539e+01 1.7505955505e+02 1.0467077637e+02 
ska_bda_2m_50_natural_salvini_dummy32_avg_3_I_0.fits  7.3267e-02   -2.5478196330e-03       0      0    9.9661487341e-01       0      0  1.3637e+01 1.7223959351e+02 1.0234355927e+02 
ska_bda_2m_50_natural_salvini_dummy32_avg_4_I_0.fits  7.4096e-02   -3.5908014979e-03       0      0    9.9677801132e-01       0      0  1.3501e+01 1.7782986450e+02 1.0323920441e+02 
ska_bda_2m_50_natural_salvini_dummy32_avg_5_I_0.fits  7.5320e-02   -3.6086759064e-03       0      0    9.9723905325e-01       0      0  1.3288e+01 1.7442492676e+02 1.0632890320e+02 
ska_bda_2m_50_natural_salvini_dummy32_avg_6_I_0.fits  8.1602e-02   -1.9144647522e-03       0      0    9.9851310253e-01       0      0  1.2260e+01 1.6143965149e+02 1.2144297028e+02 
ska_bda_2m_50_uniform_salvini_dummy32_avg_0_I_0.fits  9.1502e-03   -8.7165512145e-02       0      0    9.9794673920e-01       0      0  1.1859e+02 1.4603334427e+01 3.6232290268e+00 
ska_bda_2m_50_uniform_salvini_dummy32_avg_1_I_0.fits  9.0248e-03   -8.5532784462e-02       0      0    9.9628233910e-01       0      0  1.1987e+02 1.2692700386e+01 3.2131137848e+00 
ska_bda_2m_50_uniform_salvini_dummy32_avg_2_I_0.fits  9.0337e-03   -8.6845263839e-02       0      0    9.9467670918e-01       0      0  1.1972e+02 1.2856425285e+01 3.1120402813e+00 
ska_bda_2m_50_uniform_salvini_dummy32_avg_3_I_0.fits  9.0051e-03   -8.9217744768e-02       0      0    9.9407202005e-01       0      0  1.2030e+02 1.3785060883e+01 3.1690244675e+00 
ska_bda_2m_50_uniform_salvini_dummy32_avg_4_I_0.fits  9.0375e-03   -9.0652503073e-02       0      0    9.9434649944e-01       0      0  1.2005e+02 1.3307353020e+01 3.1428372860e+00 
ska_bda_2m_50_uniform_salvini_dummy32_avg_5_I_0.fits  9.0960e-03   -8.4061406553e-02       0      0    9.9513995647e-01       0      0  1.1865e+02 1.3059270859e+01 3.1113264561e+00 
ska_bda_2m_50_uniform_salvini_dummy32_avg_6_I_0.fits  9.2360e-03   -8.6682185531e-02       0      0    9.9746501446e-01       0      0  1.1738e+02 1.3995838165e+01 3.4440732002e+00 
ska_bda_2m_70_natural_salvini_dummy32_avg_0_I_0.fits  8.1330e-02   -5.9278984554e-04       0      0    9.9816268682e-01       0      0  1.2280e+01 1.6236662292e+02 1.2706954956e+02 
ska_bda_2m_70_natural_salvini_dummy32_avg_1_I_0.fits  7.7867e-02   -1.5033260570e-04       0      0    9.9679338932e-01       0      0  1.2803e+01 1.7839590454e+02 1.1711705780e+02 
ska_bda_2m_70_natural_salvini_dummy32_avg_2_I_0.fits  7.6677e-02   -1.0259306291e-03       0      0    9.9540799856e-01       0      0  1.2995e+01 1.9518806458e+02 1.1281601715e+02 
ska_bda_2m_70_natural_salvini_dummy32_avg_3_I_0.fits  7.6862e-02   -2.0528740715e-03       0      0    9.9482011795e-01       0      0  1.2970e+01 1.9951034546e+02 1.1162465668e+02 
ska_bda_2m_70_natural_salvini_dummy32_avg_4_I_0.fits  7.7343e-02   -3.6631822586e-03       0      0    9.9506920576e-01       0      0  1.2913e+01 2.0206411743e+02 1.1172537231e+02 
ska_bda_2m_70_natural_salvini_dummy32_avg_5_I_0.fits  7.8129e-02   -3.7327092141e-03       0      0    9.9577373266e-01       0      0  1.2793e+01 1.7959118652e+02 1.1292388916e+02 
ska_bda_2m_70_natural_salvini_dummy32_avg_6_I_0.fits  8.2516e-02   -3.9035568479e-03       0      0    9.9772256613e-01       0      0  1.2139e+01 1.6355708313e+02 1.2276837921e+02 
ska_bda_2m_70_uniform_salvini_dummy32_avg_0_I_0.fits  9.0450e-03   -8.7771750987e-02       0      0    9.9681568146e-01       0      0  1.1991e+02 1.2299008369e+01 3.4324688911e+00 
ska_bda_2m_70_uniform_salvini_dummy32_avg_1_I_0.fits  8.9274e-03   -8.3433941007e-02       0      0    9.9425518513e-01       0      0  1.2072e+02 1.2932222366e+01 3.1686637402e+00 
ska_bda_2m_70_uniform_salvini_dummy32_avg_2_I_0.fits  8.8170e-03   -7.9513825476e-02       0      0    9.9173873663e-01       0      0  1.2150e+02 1.2991985321e+01 3.1619250774e+00 
ska_bda_2m_70_uniform_salvini_dummy32_avg_3_I_0.fits  8.7878e-03   -8.8732458651e-02       0      0    9.9077963829e-01       0      0  1.2284e+02 1.4277062416e+01 3.2286677361e+00 
ska_bda_2m_70_uniform_salvini_dummy32_avg_4_I_0.fits  8.8163e-03   -8.2769051194e-02       0      0    9.9124884605e-01       0      0  1.2182e+02 1.4155234337e+01 3.1752698421e+00 
ska_bda_2m_70_uniform_salvini_dummy32_avg_5_I_0.fits  8.9578e-03   -8.5413411260e-02       0      0    9.9249249697e-01       0      0  1.2033e+02 1.3885117531e+01 3.1354153156e+00 
ska_bda_2m_70_uniform_salvini_dummy32_avg_6_I_0.fits  9.0965e-03   -8.3484351635e-02       0      0    9.9605965614e-01       0      0  1.1868e+02 1.2090181351e+01 3.2897987366e+00 
