ska_bda_2l_p10_natural_salvini_salvini249_avg_0_I_0.fits  9.7916e-02   -6.9055133499e-03       0      0    9.8954248428e-01       0      0  1.0177e+01 1.4931202698e+02 1.2389075470e+02 
ska_bda_2l_p10_natural_salvini_salvini249_avg_1_I_0.fits  8.5397e-02   -1.5251891455e-03       0      0    9.9295657873e-01       0      0  1.1645e+01 2.0388577271e+02 1.3237834167e+02 
ska_bda_2l_p10_natural_salvini_salvini249_avg_2_I_0.fits  8.0088e-02   -3.8130714092e-03       0      0    9.9596834183e-01       0      0  1.2484e+01 2.0745587158e+02 1.1817152405e+02 
ska_bda_2l_p10_natural_salvini_salvini249_avg_3_I_0.fits  7.8042e-02   -3.0302440282e-03       0      0    9.9733316898e-01       0      0  1.2818e+01 2.0843092346e+02 1.1424987793e+02 
ska_bda_2l_p10_natural_salvini_salvini249_avg_4_I_0.fits  7.7831e-02   -3.1675454229e-03       0      0    9.9686658382e-01       0      0  1.2849e+01 2.0815888977e+02 1.1604988098e+02 
ska_bda_2l_p10_natural_salvini_salvini249_avg_5_I_0.fits  7.8741e-02   3.2289035153e-03       0      0    9.9540632963e-01       0      0  1.2601e+01 2.0999334717e+02 1.2165775299e+02 
ska_bda_2l_p10_natural_salvini_salvini249_avg_6_I_0.fits  8.5987e-02   -5.8798668906e-03       0      0    9.9098628759e-01       0      0  1.1593e+01 1.7640736389e+02 1.2663901520e+02 
ska_bda_2l_p10_uniform_salvini_salvini249_avg_0_I_0.fits  1.0710e-02   -8.7340980768e-02       0      0    9.8980003595e-01       0      0  1.0057e+02 1.7144926071e+01 4.6456246376e+00 
ska_bda_2l_p10_uniform_salvini_salvini249_avg_1_I_0.fits  1.0013e-02   -9.7351238132e-02       0      0    9.9263447523e-01       0      0  1.0886e+02 1.7548967361e+01 4.1333303452e+00 
ska_bda_2l_p10_uniform_salvini_salvini249_avg_2_I_0.fits  1.0342e-02   -9.4157613814e-02       0      0    9.9569052458e-01       0      0  1.0538e+02 1.9338151932e+01 4.0475640297e+00 
ska_bda_2l_p10_uniform_salvini_salvini249_avg_3_I_0.fits  1.0734e-02   -9.3569844961e-02       0      0    9.9709063768e-01       0      0  1.0161e+02 1.9277969360e+01 3.9727780819e+00 
ska_bda_2l_p10_uniform_salvini_salvini249_avg_4_I_0.fits  1.0630e-02   -8.9652635157e-02       0      0    9.9654233456e-01       0      0  1.0218e+02 1.7627630234e+01 3.9081790447e+00 
ska_bda_2l_p10_uniform_salvini_salvini249_avg_5_I_0.fits  1.0359e-02   -9.4598315656e-02       0      0    9.9498695135e-01       0      0  1.0518e+02 1.8471368790e+01 3.8754174709e+00 
ska_bda_2l_p10_uniform_salvini_salvini249_avg_6_I_0.fits  1.0290e-02   -9.5476135612e-02       0      0    9.9073135853e-01       0      0  1.0556e+02 1.9998163223e+01 4.2477731705e+00 
ska_bda_2l_10_natural_salvini_salvini249_avg_0_I_0.fits  8.6936e-02   -3.7861238234e-03       0      0    9.8991912603e-01       0      0  1.1430e+01 1.7516529846e+02 1.3436039734e+02 
ska_bda_2l_10_natural_salvini_salvini249_avg_1_I_0.fits  7.8595e-02   -2.2465917282e-03       0      0    9.9296247959e-01       0      0  1.2663e+01 1.8613265991e+02 1.2005099487e+02 
ska_bda_2l_10_natural_salvini_salvini249_avg_2_I_0.fits  7.5036e-02   -2.2990456782e-03       0      0    9.9596810341e-01       0      0  1.3304e+01 1.7614656067e+02 1.0714950562e+02 
ska_bda_2l_10_natural_salvini_salvini249_avg_3_I_0.fits  7.3737e-02   -3.5155452788e-03       0      0    9.9733316898e-01       0      0  1.3573e+01 1.7580581665e+02 1.0334206390e+02 
ska_bda_2l_10_natural_salvini_salvini249_avg_4_I_0.fits  7.4069e-02   -2.9113567434e-03       0      0    9.9686652422e-01       0      0  1.3498e+01 1.7437144470e+02 1.0469571686e+02 
ska_bda_2l_10_natural_salvini_salvini249_avg_5_I_0.fits  7.5453e-02   -3.1202172395e-03       0      0    9.9540656805e-01       0      0  1.3234e+01 1.8014120483e+02 1.0931912994e+02 
ska_bda_2l_10_natural_salvini_salvini249_avg_6_I_0.fits  8.2087e-02   3.3850658219e-03       0      0    9.9124562740e-01       0      0  1.2034e+01 1.8444308472e+02 1.3241389465e+02 
ska_bda_2l_10_uniform_salvini_salvini249_avg_0_I_0.fits  9.8837e-03   -9.4876773655e-02       0      0    9.8957347870e-01       0      0  1.0972e+02 1.8967983246e+01 4.3995633125e+00 
ska_bda_2l_10_uniform_salvini_salvini249_avg_1_I_0.fits  9.6830e-03   -8.7763488293e-02       0      0    9.9255794287e-01       0      0  1.1157e+02 1.6358259201e+01 3.8204686642e+00 
ska_bda_2l_10_uniform_salvini_salvini249_avg_2_I_0.fits  1.0077e-02   -9.4449445605e-02       0      0    9.9563205242e-01       0      0  1.0818e+02 1.5581031799e+01 3.7446942329e+00 
ska_bda_2l_10_uniform_salvini_salvini249_avg_3_I_0.fits  1.0359e-02   -9.6853911877e-02       0      0    9.9708211422e-01       0      0  1.0560e+02 1.7606464386e+01 3.7559692860e+00 
ska_bda_2l_10_uniform_salvini_salvini249_avg_4_I_0.fits  1.0252e-02   -8.9742779732e-02       0      0    9.9652189016e-01       0      0  1.0596e+02 1.8185401917e+01 3.7350685596e+00 
ska_bda_2l_10_uniform_salvini_salvini249_avg_5_I_0.fits  9.9998e-03   -8.8173143566e-02       0      0    9.9495911598e-01       0      0  1.0832e+02 1.9157577515e+01 3.6574242115e+00 
ska_bda_2l_10_uniform_salvini_salvini249_avg_6_I_0.fits  9.6522e-03   -8.6392052472e-02       0      0    9.9063277245e-01       0      0  1.1158e+02 1.6288911819e+01 3.9358663559e+00 
ska_bda_2l_30_natural_salvini_salvini249_avg_0_I_0.fits  8.2729e-02   2.5653240737e-03       0      0    9.9010139704e-01       0      0  1.1937e+01 1.7681559753e+02 1.3535142517e+02 
ska_bda_2l_30_natural_salvini_salvini249_avg_1_I_0.fits  7.5862e-02   4.8585524200e-04       0      0    9.9297988415e-01       0      0  1.3083e+01 1.7266520691e+02 1.1416675568e+02 
ska_bda_2l_30_natural_salvini_salvini249_avg_2_I_0.fits  7.3347e-02   -2.1193083376e-03       0      0    9.9598097801e-01       0      0  1.3608e+01 1.7436299133e+02 1.0348827362e+02 
ska_bda_2l_30_natural_salvini_salvini249_avg_3_I_0.fits  7.2359e-02   -3.3650875557e-03       0      0    9.9733376503e-01       0      0  1.3830e+01 1.6613792419e+02 1.0005041504e+02 
ska_bda_2l_30_natural_salvini_salvini249_avg_4_I_0.fits  7.2956e-02   -3.3443607390e-03       0      0    9.9685889482e-01       0      0  1.3710e+01 1.6625932312e+02 1.0096913910e+02 
ska_bda_2l_30_natural_salvini_salvini249_avg_5_I_0.fits  7.4240e-02   -3.3817167860e-03       0      0    9.9539256096e-01       0      0  1.3453e+01 1.7398876953e+02 1.0465246582e+02 
ska_bda_2l_30_natural_salvini_salvini249_avg_6_I_0.fits  8.0285e-02   -3.9786993875e-04       0      0    9.9123114347e-01       0      0  1.2351e+01 1.7331495667e+02 1.2251561737e+02 
ska_bda_2l_30_uniform_salvini_salvini249_avg_0_I_0.fits  9.4064e-03   -8.6866319180e-02       0      0    9.8991644382e-01       0      0  1.1447e+02 1.6625440598e+01 3.9777700901e+00 
ska_bda_2l_30_uniform_salvini_salvini249_avg_1_I_0.fits  9.3110e-03   -8.5308507085e-02       0      0    9.9281156063e-01       0      0  1.1579e+02 1.4447266579e+01 3.4116849899e+00 
ska_bda_2l_30_uniform_salvini_salvini249_avg_2_I_0.fits  9.4917e-03   -9.4245374203e-02       0      0    9.9588310719e-01       0      0  1.1485e+02 1.5698534966e+01 3.3632555008e+00 
ska_bda_2l_30_uniform_salvini_salvini249_avg_3_I_0.fits  9.6382e-03   -9.1134428978e-02       0      0    9.9730443954e-01       0      0  1.1293e+02 1.4964035034e+01 3.3347702026e+00 
ska_bda_2l_30_uniform_salvini_salvini249_avg_4_I_0.fits  9.5696e-03   -9.1883331537e-02       0      0    9.9673992395e-01       0      0  1.1376e+02 1.5134842873e+01 3.3094925880e+00 
ska_bda_2l_30_uniform_salvini_salvini249_avg_5_I_0.fits  9.4708e-03   -9.1151595116e-02       0      0    9.9519121647e-01       0      0  1.1471e+02 1.5191267967e+01 3.2741425037e+00 
ska_bda_2l_30_uniform_salvini_salvini249_avg_6_I_0.fits  9.4142e-03   -8.2707814872e-02       0      0    9.9093157053e-01       0      0  1.1404e+02 1.4860316277e+01 3.5642979145e+00 
ska_bda_2l_50_natural_salvini_salvini249_avg_0_I_0.fits  8.0416e-02   6.6211195663e-03       0      0    9.9012398720e-01       0      0  1.2230e+01 1.6771316528e+02 1.2989678955e+02 
ska_bda_2l_50_natural_salvini_salvini249_avg_1_I_0.fits  7.5826e-02   1.8265394028e-03       0      0    9.9301284552e-01       0      0  1.3072e+01 1.6680079651e+02 1.1388953400e+02 
ska_bda_2l_50_natural_salvini_salvini249_avg_2_I_0.fits  7.3925e-02   -1.6268616309e-03       0      0    9.9600511789e-01       0      0  1.3495e+01 1.7665597534e+02 1.0572924805e+02 
ska_bda_2l_50_natural_salvini_salvini249_avg_3_I_0.fits  7.3391e-02   -2.3706573993e-03       0      0    9.9733483791e-01       0      0  1.3622e+01 1.7395222473e+02 1.0286598969e+02 
ska_bda_2l_50_natural_salvini_salvini249_avg_4_I_0.fits  7.4033e-02   -3.5460565705e-03       0      0    9.9684411287e-01       0      0  1.3513e+01 1.8047795105e+02 1.0329566956e+02 
ska_bda_2l_50_natural_salvini_salvini249_avg_5_I_0.fits  7.4967e-02   -3.8188141771e-03       0      0    9.9536573887e-01       0      0  1.3328e+01 1.7635754395e+02 1.0574671936e+02 
ska_bda_2l_50_natural_salvini_salvini249_avg_6_I_0.fits  8.0124e-02   -3.0888943002e-03       0      0    9.9120366573e-01       0      0  1.2409e+01 1.6113505554e+02 1.1894642639e+02 
ska_bda_2l_50_uniform_salvini_salvini249_avg_0_I_0.fits  9.1040e-03   -8.6212046444e-02       0      0    9.9015086889e-01       0      0  1.1823e+02 1.4138603210e+01 3.6365187168e+00 
ska_bda_2l_50_uniform_salvini_salvini249_avg_1_I_0.fits  8.9931e-03   -8.6455784738e-02       0      0    9.9301803112e-01       0      0  1.2003e+02 1.2834046364e+01 3.2286539078e+00 
ska_bda_2l_50_uniform_salvini_salvini249_avg_2_I_0.fits  9.0100e-03   -8.6718261242e-02       0      0    9.9605000019e-01       0      0  1.2017e+02 1.2520354271e+01 3.1382653713e+00 
ska_bda_2l_50_uniform_salvini_salvini249_avg_3_I_0.fits  8.9690e-03   -8.8086001575e-02       0      0    9.9742501974e-01       0      0  1.2103e+02 1.3811880112e+01 3.1954464912e+00 
ska_bda_2l_50_uniform_salvini_salvini249_avg_4_I_0.fits  9.0136e-03   -9.2291191220e-02       0      0    9.9686479568e-01       0      0  1.2083e+02 1.3261104584e+01 3.1537737846e+00 
ska_bda_2l_50_uniform_salvini_salvini249_avg_5_I_0.fits  9.0590e-03   -8.6450688541e-02       0      0    9.9530220032e-01       0      0  1.1941e+02 1.2118018150e+01 3.0941674709e+00 
ska_bda_2l_50_uniform_salvini_salvini249_avg_6_I_0.fits  9.1940e-03   -8.3858869970e-02       0      0    9.9108552933e-01       0      0  1.1692e+02 1.3535389900e+01 3.3444249630e+00 
ska_bda_2l_70_natural_salvini_salvini249_avg_0_I_0.fits  8.1967e-02   -8.1726041390e-04       0      0    9.9015420675e-01       0      0  1.2090e+01 1.6226490784e+02 1.2956459045e+02 
ska_bda_2l_70_natural_salvini_salvini249_avg_1_I_0.fits  7.8319e-02   -1.3102316007e-04       0      0    9.9305653572e-01       0      0  1.2681e+01 1.8021839905e+02 1.1932942963e+02 
ska_bda_2l_70_natural_salvini_salvini249_avg_2_I_0.fits  7.7216e-02   3.6648771493e-04       0      0    9.9603706598e-01       0      0  1.2895e+01 1.9813732910e+02 1.1474245453e+02 
ska_bda_2l_70_natural_salvini_salvini249_avg_3_I_0.fits  7.7261e-02   -2.0454486366e-03       0      0    9.9733591080e-01       0      0  1.2935e+01 2.0407618713e+02 1.1305871582e+02 
ska_bda_2l_70_natural_salvini_salvini249_avg_4_I_0.fits  7.7544e-02   -3.5378050525e-03       0      0    9.9682384729e-01       0      0  1.2901e+01 2.0660658264e+02 1.1258949280e+02 
ska_bda_2l_70_natural_salvini_salvini249_avg_5_I_0.fits  7.7907e-02   -3.8814337458e-03       0      0    9.9532914162e-01       0      0  1.2826e+01 1.8331175232e+02 1.1301579285e+02 
ska_bda_2l_70_natural_salvini_salvini249_avg_6_I_0.fits  8.1186e-02   -3.3594928682e-03       0      0    9.9116665125e-01       0      0  1.2250e+01 1.6469009399e+02 1.2079376221e+02 
ska_bda_2l_70_uniform_salvini_salvini249_avg_0_I_0.fits  9.0242e-03   -8.6033813655e-02       0      0    9.9032956362e-01       0      0  1.1927e+02 1.3386873245e+01 3.4805366993e+00 
ska_bda_2l_70_uniform_salvini_salvini249_avg_1_I_0.fits  8.9352e-03   -8.5098728538e-02       0      0    9.9316602945e-01       0      0  1.2068e+02 1.2300847054e+01 3.2055013180e+00 
ska_bda_2l_70_uniform_salvini_salvini249_avg_2_I_0.fits  8.8561e-03   -8.2555726171e-02       0      0    9.9617904425e-01       0      0  1.2181e+02 1.3665310860e+01 3.2202410698e+00 
ska_bda_2l_70_uniform_salvini_salvini249_avg_3_I_0.fits  8.8242e-03   -8.8511042297e-02       0      0    9.9751585722e-01       0      0  1.2307e+02 1.4531136513e+01 3.2662758827e+00 
ska_bda_2l_70_uniform_salvini_salvini249_avg_4_I_0.fits  8.8437e-03   -8.6832627654e-02       0      0    9.9693226814e-01       0      0  1.2255e+02 1.5128025055e+01 3.2399230003e+00 
ska_bda_2l_70_uniform_salvini_salvini249_avg_5_I_0.fits  8.9569e-03   -8.6234308779e-02       0      0    9.9535924196e-01       0      0  1.2076e+02 1.4300868034e+01 3.1638453007e+00 
ska_bda_2l_70_uniform_salvini_salvini249_avg_6_I_0.fits  9.0466e-03   -8.0910779536e-02       0      0    9.9119734764e-01       0      0  1.1851e+02 1.1906595230e+01 3.2336561680e+00 
ska_bda_2m_p10_natural_salvini_salvini249_avg_0_I_0.fits  9.7918e-02   -8.1516606733e-03       0      0    9.9985051155e-01       0      0  1.0294e+01 1.5351109314e+02 1.2331206512e+02 
ska_bda_2m_p10_natural_salvini_salvini249_avg_1_I_0.fits  8.6173e-02   -2.8654432390e-03       0      0    9.9974942207e-01       0      0  1.1635e+01 2.0800282288e+02 1.3258256531e+02 
ska_bda_2m_p10_natural_salvini_salvini249_avg_2_I_0.fits  8.0807e-02   -3.6115262192e-03       0      0    9.9963927269e-01       0      0  1.2415e+01 2.1388978577e+02 1.1919966888e+02 
ska_bda_2m_p10_natural_salvini_salvini249_avg_3_I_0.fits  7.8678e-02   -3.2866140828e-03       0      0    9.9959254265e-01       0      0  1.2747e+01 2.1319281006e+02 1.1602812195e+02 
ska_bda_2m_p10_natural_salvini_salvini249_avg_4_I_0.fits  7.8724e-02   -1.1424734257e-03       0      0    9.9961251020e-01       0      0  1.2712e+01 2.1342788696e+02 1.1843336487e+02 
ska_bda_2m_p10_natural_salvini_salvini249_avg_5_I_0.fits  7.9908e-02   3.3667150419e-03       0      0    9.9966871738e-01       0      0  1.2468e+01 2.2015007019e+02 1.2486177063e+02 
ska_bda_2m_p10_natural_salvini_salvini249_avg_6_I_0.fits  9.0128e-02   -6.3035460189e-03       0      0    9.9981802702e-01       0      0  1.1163e+01 1.7755798340e+02 1.3214608765e+02 
ska_bda_2m_p10_uniform_salvini_salvini249_avg_0_I_0.fits  1.0769e-02   -8.7658211589e-02       0      0    9.9987488985e-01       0      0  1.0099e+02 1.9973201752e+01 4.6890835762e+00 
ska_bda_2m_p10_uniform_salvini_salvini249_avg_1_I_0.fits  1.0125e-02   -9.8199181259e-02       0      0    9.9976801872e-01       0      0  1.0844e+02 1.6514656067e+01 4.1676120758e+00 
ska_bda_2m_p10_uniform_salvini_salvini249_avg_2_I_0.fits  1.0407e-02   -9.2523217201e-02       0      0    9.9966931343e-01       0      0  1.0495e+02 1.8895174026e+01 4.0787677765e+00 
ska_bda_2m_p10_uniform_salvini_salvini249_avg_3_I_0.fits  1.0721e-02   -9.2162936926e-02       0      0    9.9963879585e-01       0      0  1.0184e+02 1.9295753479e+01 4.0610151291e+00 
ska_bda_2m_p10_uniform_salvini_salvini249_avg_4_I_0.fits  1.0584e-02   -9.2070318758e-02       0      0    9.9965280294e-01       0      0  1.0315e+02 1.7232547760e+01 3.9944612980e+00 
ska_bda_2m_p10_uniform_salvini_salvini249_avg_5_I_0.fits  1.0321e-02   -9.8976455629e-02       0      0    9.9969667196e-01       0      0  1.0645e+02 1.8165660858e+01 4.0327396393e+00 
ska_bda_2m_p10_uniform_salvini_salvini249_avg_6_I_0.fits  1.0497e-02   -9.5717445016e-02       0      0    9.9984365702e-01       0      0  1.0437e+02 1.8893899918e+01 4.4126820564e+00 
ska_bda_2m_10_natural_salvini_salvini249_avg_0_I_0.fits  8.6997e-02   -3.9916262031e-03       0      0    9.9990683794e-01       0      0  1.1539e+01 1.8076083374e+02 1.3331097412e+02 
ska_bda_2m_10_natural_salvini_salvini249_avg_1_I_0.fits  7.8956e-02   -3.9605568163e-03       0      0    9.9983793497e-01       0      0  1.2713e+01 1.8432414246e+02 1.1960186768e+02 
ska_bda_2m_10_natural_salvini_salvini249_avg_2_I_0.fits  7.5277e-02   -2.7123177424e-03       0      0    9.9976634979e-01       0      0  1.3317e+01 1.7802583313e+02 1.0734108734e+02 
ska_bda_2m_10_natural_salvini_salvini249_avg_3_I_0.fits  7.4112e-02   -3.4237559885e-03       0      0    9.9973595142e-01       0      0  1.3536e+01 1.7774307251e+02 1.0412767792e+02 
ska_bda_2m_10_natural_salvini_salvini249_avg_4_I_0.fits  7.4573e-02   -3.0743163079e-03       0      0    9.9974870682e-01       0      0  1.3448e+01 1.7699101257e+02 1.0596884155e+02 
ska_bda_2m_10_natural_salvini_salvini249_avg_5_I_0.fits  7.6182e-02   -3.0017308891e-03       0      0    9.9978524446e-01       0      0  1.3163e+01 1.7653373718e+02 1.1123247528e+02 
ska_bda_2m_10_natural_salvini_salvini249_avg_6_I_0.fits  8.4075e-02   3.1628720462e-03       0      0    9.9988579750e-01       0      0  1.1855e+01 1.8375914001e+02 1.3680770874e+02 
ska_bda_2m_10_uniform_salvini_salvini249_avg_0_I_0.fits  9.9784e-03   -9.6018530428e-02       0      0    9.9991816282e-01       0      0  1.0983e+02 1.7160442352e+01 4.3364682198e+00 
ska_bda_2m_10_uniform_salvini_salvini249_avg_1_I_0.fits  9.7983e-03   -8.9244626462e-02       0      0    9.9984729290e-01       0      0  1.1115e+02 1.6599824905e+01 3.8428988457e+00 
ska_bda_2m_10_uniform_salvini_salvini249_avg_2_I_0.fits  1.0213e-02   -9.1067798436e-02       0      0    9.9978405237e-01       0      0  1.0681e+02 1.6670084000e+01 3.7733769417e+00 
ska_bda_2m_10_uniform_salvini_salvini249_avg_3_I_0.fits  1.0470e-02   -9.4859413803e-02       0      0    9.9976348877e-01       0      0  1.0455e+02 1.7749399185e+01 3.8080027103e+00 
ska_bda_2m_10_uniform_salvini_salvini249_avg_4_I_0.fits  1.0320e-02   -8.8819064200e-02       0      0    9.9977338314e-01       0      0  1.0548e+02 1.8065500259e+01 3.7845096588e+00 
ska_bda_2m_10_uniform_salvini_salvini249_avg_5_I_0.fits  1.0007e-02   -9.2282868922e-02       0      0    9.9980235100e-01       0      0  1.0913e+02 1.9096389771e+01 3.7551028728e+00 
ska_bda_2m_10_uniform_salvini_salvini249_avg_6_I_0.fits  9.8255e-03   -8.8046610355e-02       0      0    9.9989736080e-01       0      0  1.1073e+02 1.8791263580e+01 4.1559939384e+00 
ska_bda_2m_30_natural_salvini_salvini249_avg_0_I_0.fits  8.2508e-02   6.3745640218e-03       0      0    9.9910348654e-01       0      0  1.2032e+01 1.7567367554e+02 1.3383439636e+02 
ska_bda_2m_30_natural_salvini_salvini249_avg_1_I_0.fits  7.5848e-02   3.6378897494e-04       0      0    9.9841618538e-01       0      0  1.3159e+01 1.7386515808e+02 1.1314861298e+02 
ska_bda_2m_30_natural_salvini_salvini249_avg_2_I_0.fits  7.3276e-02   -2.0792584401e-03       0      0    9.9772000313e-01       0      0  1.3644e+01 1.7427436829e+02 1.0298908997e+02 
ska_bda_2m_30_natural_salvini_salvini249_avg_3_I_0.fits  7.2371e-02   -3.5063279793e-03       0      0    9.9742424488e-01       0      0  1.3831e+01 1.6589038086e+02 1.0008776855e+02 
ska_bda_2m_30_natural_salvini_salvini249_avg_4_I_0.fits  7.3125e-02   -3.4042845946e-03       0      0    9.9754995108e-01       0      0  1.3688e+01 1.6483650208e+02 1.0146372223e+02 
ska_bda_2m_30_natural_salvini_salvini249_avg_5_I_0.fits  7.4682e-02   -2.8917680029e-03       0      0    9.9790424109e-01       0      0  1.3401e+01 1.7528080750e+02 1.0576712799e+02 
ska_bda_2m_30_natural_salvini_salvini249_avg_6_I_0.fits  8.1685e-02   4.5865724678e-04       0      0    9.9888300896e-01       0      0  1.2223e+01 1.7493266296e+02 1.2583485413e+02 
ska_bda_2m_30_uniform_salvini_salvini249_avg_0_I_0.fits  9.4932e-03   -8.7832026184e-02       0      0    9.9916040897e-01       0      0  1.1450e+02 1.6089128494e+01 3.9447164536e+00 
ska_bda_2m_30_uniform_salvini_salvini249_avg_1_I_0.fits  9.3925e-03   -8.6311191320e-02       0      0    9.9846816063e-01       0      0  1.1549e+02 1.4519677162e+01 3.3904883862e+00 
ska_bda_2m_30_uniform_salvini_salvini249_avg_2_I_0.fits  9.5733e-03   -9.2533327639e-02       0      0    9.9780559540e-01       0      0  1.1389e+02 1.5364089012e+01 3.3512668610e+00 
ska_bda_2m_30_uniform_salvini_salvini249_avg_3_I_0.fits  9.7171e-03   -9.1445468366e-02       0      0    9.9756538868e-01       0      0  1.1207e+02 1.5177048683e+01 3.3388419151e+00 
ska_bda_2m_30_uniform_salvini_salvini249_avg_4_I_0.fits  9.6182e-03   -8.8202595711e-02       0      0    9.9768078327e-01       0      0  1.1290e+02 1.5129150391e+01 3.3267164230e+00 
ska_bda_2m_30_uniform_salvini_salvini249_avg_5_I_0.fits  9.5165e-03   -9.1547690332e-02       0      0    9.9799948931e-01       0      0  1.1449e+02 1.5735955238e+01 3.3251695633e+00 
ska_bda_2m_30_uniform_salvini_salvini249_avg_6_I_0.fits  9.4986e-03   -8.4720917046e-02       0      0    9.9895560741e-01       0      0  1.1409e+02 1.4284867287e+01 3.6803147793e+00 
ska_bda_2m_50_natural_salvini_salvini249_avg_0_I_0.fits  8.0149e-02   5.8789309114e-03       0      0    9.9782150984e-01       0      0  1.2376e+01 1.6764730835e+02 1.2773062897e+02 
ska_bda_2m_50_natural_salvini_salvini249_avg_1_I_0.fits  7.5521e-02   1.8152237171e-03       0      0    9.9615430832e-01       0      0  1.3166e+01 1.6713043213e+02 1.1225131226e+02 
ska_bda_2m_50_natural_salvini_salvini249_avg_2_I_0.fits  7.3516e-02   -1.6227094457e-03       0      0    9.9446702003e-01       0      0  1.3549e+01 1.7433097839e+02 1.0448026276e+02 
ska_bda_2m_50_natural_salvini_salvini249_avg_3_I_0.fits  7.2984e-02   -2.4939591531e-03       0      0    9.9375122786e-01       0      0  1.3650e+01 1.7145983887e+02 1.0213743591e+02 
ska_bda_2m_50_natural_salvini_salvini249_avg_4_I_0.fits  7.3827e-02   -3.5268850625e-03       0      0    9.9405527115e-01       0      0  1.3512e+01 1.7704032898e+02 1.0304438019e+02 
ska_bda_2m_50_natural_salvini_salvini249_avg_5_I_0.fits  7.5089e-02   -3.4991477150e-03       0      0    9.9491381645e-01       0      0  1.3296e+01 1.7376602173e+02 1.0616095734e+02 
ska_bda_2m_50_natural_salvini_salvini249_avg_6_I_0.fits  8.1477e-02   -1.8879279960e-03       0      0    9.9728673697e-01       0      0  1.2263e+01 1.6112742615e+02 1.2133903503e+02 
ska_bda_2m_50_uniform_salvini_salvini249_avg_0_I_0.fits  9.1500e-03   -8.7193243206e-02       0      0    9.9791657925e-01       0      0  1.1859e+02 1.4603360176e+01 3.6228020191e+00 
ska_bda_2m_50_uniform_salvini_salvini249_avg_1_I_0.fits  9.0244e-03   -8.5582852364e-02       0      0    9.9622029066e-01       0      0  1.1988e+02 1.2693317413e+01 3.2122843266e+00 
ska_bda_2m_50_uniform_salvini_salvini249_avg_2_I_0.fits  9.0331e-03   -8.6909621954e-02       0      0    9.9457532167e-01       0      0  1.1973e+02 1.2855860710e+01 3.1105968952e+00 
ska_bda_2m_50_uniform_salvini_salvini249_avg_3_I_0.fits  9.0043e-03   -8.9322403073e-02       0      0    9.9395179749e-01       0      0  1.2031e+02 1.3784679413e+01 3.1672255993e+00 
ska_bda_2m_50_uniform_salvini_salvini249_avg_4_I_0.fits  9.0369e-03   -9.0752519667e-02       0      0    9.9423491955e-01       0      0  1.2006e+02 1.3307182312e+01 3.1413679123e+00 
ska_bda_2m_50_uniform_salvini_salvini249_avg_5_I_0.fits  9.0955e-03   -8.4143161774e-02       0      0    9.9505072832e-01       0      0  1.1865e+02 1.3056571007e+01 3.1100225449e+00 
ska_bda_2m_50_uniform_salvini_salvini249_avg_6_I_0.fits  9.2357e-03   -8.6713105440e-02       0      0    9.9742639065e-01       0      0  1.1739e+02 1.3996104240e+01 3.4435517788e+00 
ska_bda_2m_70_natural_salvini_salvini249_avg_0_I_0.fits  8.1157e-02   -5.3815881256e-04       0      0    9.9666351080e-01       0      0  1.2287e+01 1.6197282410e+02 1.2691841888e+02 
ska_bda_2m_70_natural_salvini_salvini249_avg_1_I_0.fits  7.7548e-02   -1.0159339581e-04       0      0    9.9411290884e-01       0      0  1.2821e+01 1.7770147705e+02 1.1689522552e+02 
ska_bda_2m_70_natural_salvini_salvini249_avg_2_I_0.fits  7.6223e-02   -5.9286126634e-04       0      0    9.9153405428e-01       0      0  1.3016e+01 1.9403106689e+02 1.1250959778e+02 
ska_bda_2m_70_natural_salvini_salvini249_avg_3_I_0.fits  7.6367e-02   -1.6818819568e-03       0      0    9.9044048786e-01       0      0  1.2991e+01 1.9809446716e+02 1.1127666473e+02 
ska_bda_2m_70_natural_salvini_salvini249_avg_4_I_0.fits  7.6876e-02   -3.5075324122e-03       0      0    9.9090456963e-01       0      0  1.2935e+01 2.0066093445e+02 1.1140346527e+02 
ska_bda_2m_70_natural_salvini_salvini249_avg_5_I_0.fits  7.7739e-02   -3.6546522751e-03       0      0    9.9221628904e-01       0      0  1.2811e+01 1.7863595581e+02 1.1266305542e+02 
ska_bda_2m_70_natural_salvini_salvini249_avg_6_I_0.fits  8.2320e-02   -3.8739619777e-03       0      0    9.9584496021e-01       0      0  1.2144e+01 1.6308149719e+02 1.2261347198e+02 
ska_bda_2m_70_uniform_salvini_salvini249_avg_0_I_0.fits  9.0447e-03   -8.7809249759e-02       0      0    9.9677199125e-01       0      0  1.1991e+02 1.2298883438e+01 3.4319248199e+00 
ska_bda_2m_70_uniform_salvini_salvini249_avg_1_I_0.fits  8.9269e-03   -8.3506606519e-02       0      0    9.9417310953e-01       0      0  1.2072e+02 1.2932211876e+01 3.1676046848e+00 
ska_bda_2m_70_uniform_salvini_salvini249_avg_2_I_0.fits  8.8162e-03   -7.9614467919e-02       0      0    9.9161177874e-01       0      0  1.2151e+02 1.2987800598e+01 3.1601545811e+00 
ska_bda_2m_70_uniform_salvini_salvini249_avg_3_I_0.fits  8.7868e-03   -8.8860861957e-02       0      0    9.9063116312e-01       0      0  1.2285e+02 1.4275341034e+01 3.2266099453e+00 
ska_bda_2m_70_uniform_salvini_salvini249_avg_4_I_0.fits  8.8155e-03   -8.2889616489e-02       0      0    9.9111145735e-01       0      0  1.2183e+02 1.4154036522e+01 3.1734421253e+00 
ska_bda_2m_70_uniform_salvini_salvini249_avg_5_I_0.fits  8.9571e-03   -8.5444740951e-02       0      0    9.9238079786e-01       0      0  1.2033e+02 1.3887015343e+01 3.1340482235e+00 
ska_bda_2m_70_uniform_salvini_salvini249_avg_6_I_0.fits  9.0962e-03   -8.3535298705e-02       0      0    9.9600553513e-01       0      0  1.1868e+02 1.2090433121e+01 3.2891330719e+00 
